14660
14661
14662
14663
14664
14916
14917
14918
14919
14920
15172
15173
15174
15175
15176
15428
15429
15430
15431
15432
15684
15685
15686
15687
15688
15940
15941
15942
15943
15944
16196
16197
16198
16199
16200
16452
16453
16454
16455
16456
17221
17222
17223
17224
17225
17229
17230
17231
17232
17477
17478
17479
17480
17481
17485
17486
17487
17488
17733
17734
17735
17736
17737
17741
17742
17743
17744
17989
17990
17991
17992
17993
17997
17998
17999
18000