27499
27500
27243
27244
26520
26521
26264
26265
26777
25000
25001
24745
25255
25256
25257
24999
24199
24200
23943
23944
23686
23687
23688
23430
23431
23432
26266
26522
26009
25753
26008
26519
26263
26519
26518
26262
26263
23689
23433
23690
23434
23945
24201
24457
24456
24712
24200
24711
24455
24454
24453
24197
23941
23685
23429
23430
23686
23942
23432
26266
26522
26009
25753
26008
26519
26263
26519
26518
26262
26263
26988
26987
26986
27242
27243
27498
27499
27755
27756
27501
27245
27244
24744
24743
24742
24998
25254
25510
25511
25512
25513
25514
25258
25002
24746